2015,1,2,2
2015,1,0,2
2015,1,1,2
2015,1,0,3
2015,1,0,3
2015,1,3,4
2015,1,0,4
2015,1,1,4
2015,1,1,5
2015,1,2,5
2015,1,1,5
2015,1,0,5
2015,1,10,5
2015,1,2,5
2015,1,0,5
2015,1,0,5
2015,1,2,5
2015,1,0,5
2015,1,0,5
2015,1,6,5
2015,1,15,5
2015,1,0,5
2015,1,3,7
2015,1,0,7
2015,1,0,9
2015,1,0,9
2015,1,0,9
2015,1,5,9
2015,1,0,9
2015,1,1,9
2015,1,0,9
2015,1,0,9
2015,1,0,9
2015,1,0,9
2015,1,0,9
2015,1,0,9
2015,1,0,9
2015,1,0,9
2015,1,0,9
2015,1,0,9
2015,1,3,9
2015,1,0,9
2015,1,0,9
2015,1,0,9
2015,1,0,9
2015,1,204,13
2015,1,1,13
2015,1,0,13
2015,1,0,13
2015,1,0,13
2015,1,0,13
2015,1,0,13
2015,1,0,13
2015,1,0,13
2015,1,0,13
2015,1,0,13
2015,1,0,13
2015,1,0,13
2015,1,0,13
2015,2,0,1
2015,2,1,1
2015,2,1,2
2015,2,0,3
2015,2,0,3
2015,2,0,3
2015,2,0,4
2015,2,0,4
2015,2,0,5
2015,2,1,5
2015,2,1,5
2015,2,0,5
2015,2,0,5
2015,2,0,5
2015,2,1,5
2015,2,0,5
2015,2,0,7
2015,2,1,8
2015,2,0,9
2015,2,0,9
2015,2,1,9
2015,2,0,9
2015,2,0,9
2015,2,0,9
2015,2,0,9
2015,2,0,9
2015,2,0,9
2015,2,0,9
2015,2,1,9
2015,2,6,9
2015,2,0,9
2015,2,0,9
2015,2,0,13
2015,2,0,13
2015,2,0,13
2015,2,0,13
2015,2,0,13
2015,2,0,13
2015,3,0,1
2015,3,0,2
2015,3,2,2
2015,3,0,4
2015,3,0,4
2015,3,3,5
2015,3,50,5
2015,3,45,5
2015,3,1,5
2015,3,1,5
2015,3,1,5
2015,3,0,7
2015,3,0,7
2015,3,1,7
2015,3,20,9
2015,3,0,9
2015,3,0,9
2015,3,0,9
2015,3,0,9
2015,3,0,9
2015,3,0,9
2015,3,0,9
2015,3,0,11
2015,3,0,13
2015,3,0,13
2015,3,0,13
2015,3,0,13
2015,3,0,13
2015,3,0,13
2015,3,0,13
2015,4,0,2
2015,4,0,4
2015,4,0,5
2015,4,0,5
2015,4,1,5
2015,4,3,5
2015,4,0,5
2015,4,0,5
2015,4,15,5
2015,4,1,5
2015,4,30,7
2015,4,3,7
2015,4,228,9
2015,4,2,9
2015,4,0,9
2015,4,1,9
2015,4,1,9
2015,4,1,9
2015,4,2,10
2015,4,0,13
2015,4,0,13
2015,4,0,13
2015,4,0,13
2015,5,0,2
2015,5,0,2
2015,5,0,2
2015,5,1,2
2015,5,0,2
2015,5,0,2
2015,5,0,2
2015,5,0,2
2015,5,0,3
2015,5,0,3
2015,5,0,5
2015,5,2,5
2015,5,1,5
2015,5,10,5
2015,5,0,5
2015,5,20,5
2015,5,1,5
2015,5,0,5
2015,5,0,5
2015,5,1,5
2015,5,1,5
2015,5,1,5
2015,5,3,5
2015,5,5,5
2015,5,8,5
2015,5,0,5
2015,5,0,7
2015,5,0,7
2015,5,0,7
2015,5,2,7
2015,5,12,8
2015,5,1,9
2015,5,0,9
2015,5,1,9
2015,5,1,9
2015,5,10,9
2015,5,5,9
2015,5,10,9
2015,5,0,9
2015,5,0,9
2015,5,0,9
2015,5,0,9
2015,5,0,9
2015,5,0,9
2015,5,0,9
2015,5,0,11
2015,5,1,11
2015,5,0,13
2015,5,0,13
2015,5,0,13
2015,5,0,13
2015,5,0,13
2015,5,0,13
2015,5,0,13
2015,6,200,1
2015,6,0,2
2015,6,0,2
2015,6,3,2
2015,6,1,2
2015,6,0,2
2015,6,0,2
2015,6,1,3
2015,6,0,3
2015,6,1,4
2015,6,0,4
2015,6,1,4
2015,6,4,5
2015,6,1,5
2015,6,0,5
2015,6,5,5
2015,6,2,5
2015,6,0,5
2015,6,2,5
2015,6,7,5
2015,6,0,5
2015,6,2,5
2015,6,3,5
2015,6,3,5
2015,6,1,5
2015,6,0,5
2015,6,1,5
2015,6,20,5
2015,6,3,5
2015,6,0,5
2015,6,1,5
2015,6,1,5
2015,6,1,5
2015,6,1,5
2015,6,20,5
2015,6,1,5
2015,6,0,5
2015,6,0,5
2015,6,0,5
2015,6,0,5
2015,6,0,5
2015,6,4,7
2015,6,11,7
2015,6,4,7
2015,6,1,7
2015,6,0,7
2015,6,6,7
2015,6,1,7
2015,6,30,7
2015,6,0,7
2015,6,0,7
2015,6,0,8
2015,6,1,9
2015,6,1,9
2015,6,0,9
2015,6,1,9
2015,6,0,9
2015,6,0,9
2015,6,3,9
2015,6,0,9
2015,6,3,9
2015,6,0,13
2015,6,0,13
2015,6,0,13
2015,6,0,13
2015,6,0,13
2015,6,0,13
2015,6,0,13
2015,6,0,13
2015,7,26,2
2015,7,1,2
2015,7,0,2
2015,7,2,2
2015,7,0,2
2015,7,0,2
2015,7,0,2
2015,7,0,3
2015,7,0,4
2015,7,0,4
2015,7,0,4
2015,7,2,4
2015,7,2,5
2015,7,2,5
2015,7,1,5
2015,7,3,5
2015,7,3,5
2015,7,0,5
2015,7,0,5
2015,7,2,5
2015,7,0,5
2015,7,2,5
2015,7,3,5
2015,7,0,5
2015,7,4,5
2015,7,0,5
2015,7,1,5
2015,7,1,5
2015,7,1,5
2015,7,0,5
2015,7,0,5
2015,7,1,5
2015,7,1,5
2015,7,2,5
2015,7,2,5
2015,7,0,5
2015,7,0,5
2015,7,0,7
2015,7,1,7
2015,7,1,7
2015,7,1,7
2015,7,1,7
2015,7,1,7
2015,7,15,7
2015,7,1,7
2015,7,0,7
2015,7,0,7
2015,7,1,8
2015,7,0,9
2015,7,3,9
2015,7,0,9
2015,7,25,9
2015,7,1,9
2015,7,1,9
2015,7,0,9
2015,7,4,9
2015,7,0,9
2015,7,1,9
2015,7,0,9
2015,7,0,9
2015,7,0,9
2015,7,1,9
2015,7,0,9
2015,7,1,9
2015,7,0,9
2015,7,0,9
2015,7,0,9
2015,7,0,9
2015,7,0,9
2015,7,0,11
2015,7,1,11
2015,7,0,11
2015,7,0,11
2015,7,0,11
2015,7,3,11
2015,7,2,11
2015,7,0,11
2015,7,1,11
2015,7,1,13
2015,7,0,13
2015,7,0,13
2015,7,0,13
2015,7,0,13
2015,7,0,13
2015,7,0,13
2015,7,4,13
2015,7,0,13
2015,8,4,1
2015,8,0,1
2015,8,2,2
2015,8,1,2
2015,8,1,2
2015,8,2,2
2015,8,1,2
2015,8,0,2
2015,8,0,2
2015,8,2,2
2015,8,0,3
2015,8,9,4
2015,8,0,4
2015,8,10,4
2015,8,0,4
2015,8,2,4
2015,8,4,4
2015,8,1,5
2015,8,1,5
2015,8,0,5
2015,8,0,5
2015,8,0,5
2015,8,5,5
2015,8,1,5
2015,8,5,5
2015,8,15,5
2015,8,1,5
2015,8,7,5
2015,8,1,5
2015,8,0,5
2015,8,11,5
2015,8,1,5
2015,8,2,5
2015,8,2,5
2015,8,0,5
2015,8,1,5
2015,8,2,5
2015,8,20,5
2015,8,1,5
2015,8,2,5
2015,8,0,5
2015,8,0,5
2015,8,20,5
2015,8,0,5
2015,8,1,5
2015,8,3,5
2015,8,2,5
2015,8,5,5
2015,8,0,5
2015,8,50,7
2015,8,20,7
2015,8,1,8
2015,8,1,9
2015,8,0,9
2015,8,0,9
2015,8,0,9
2015,8,1,9
2015,8,10,9
2015,8,41,9
2015,8,1,9
2015,8,2,9
2015,8,1,9
2015,8,1,9
2015,8,0,9
2015,8,4,9
2015,8,0,9
2015,8,0,9
2015,8,0,9
2015,8,0,9
2015,8,0,9
2015,8,0,9
2015,8,3,9
2015,8,1,9
2015,8,0,9
2015,8,0,9
2015,8,1,9
2015,8,1,9
2015,8,1,9
2015,8,0,9
2015,8,0,9
2015,8,0,9
2015,8,0,9
2015,8,0,9
2015,8,0,9
2015,8,0,9
2015,8,0,9
2015,8,0,9
2015,8,1,10
2015,8,0,11
2015,8,0,11
2015,8,1,11
2015,8,1,11
2015,8,0,12
2015,8,0,13
2015,8,2,13
2015,8,0,13
2015,8,0,13
2015,9,1,2
2015,9,0,2
2015,9,1,2
2015,9,1,2
2015,9,20,2
2015,9,1,2
2015,9,0,2
2015,9,0,2
2015,9,11,2
2015,9,0,2
2015,9,0,3
2015,9,0,3
2015,9,0,4
2015,9,0,5
2015,9,0,5
2015,9,0,5
2015,9,0,5
2015,9,1,5
2015,9,1,5
2015,9,1,5
2015,9,1,5
2015,9,3,5
2015,9,0,5
2015,9,2,5
2015,9,0,5
2015,9,10,5
2015,9,0,5
2015,9,0,5
2015,9,5,5
2015,9,1,5
2015,9,0,5
2015,9,2,5
2015,9,15,5
2015,9,1,5
2015,9,3,5
2015,9,1,5
2015,9,2,5
2015,9,2,5
2015,9,0,5
2015,9,3,5
2015,9,1,5
2015,9,1,5
2015,9,0,5
2015,9,1,5
2015,9,0,5
2015,9,0,5
2015,9,1,5
2015,9,1,5
2015,9,5,5
2015,9,2,5
2015,9,7,5
2015,9,0,5
2015,9,0,5
2015,9,2,5
2015,9,3,5
2015,9,0,7
2015,9,200,7
2015,9,0,7
2015,9,1,7
2015,9,3,7
2015,9,1,7
2015,9,150,7
2015,9,2,7
2015,9,0,7
2015,9,5,7
2015,9,0,8
2015,9,1,8
2015,9,0,8
2015,9,0,8
2015,9,11,9
2015,9,0,9
2015,9,1,9
2015,9,0,9
2015,9,0,9
2015,9,20,9
2015,9,0,9
2015,9,2,9
2015,9,1,9
2015,9,0,9
2015,9,0,9
2015,9,0,9
2015,9,0,9
2015,9,0,9
2015,9,0,9
2015,9,0,9
2015,9,0,9
2015,9,0,9
2015,9,0,9
2015,9,0,9
2015,9,0,9
2015,9,0,9
2015,9,0,9
2015,9,0,9
2015,9,0,9
2015,9,0,9
2015,9,0,9
2015,9,0,9
2015,9,0,9
2015,9,0,9
2015,9,0,10
2015,9,0,11
2015,9,0,12
2015,9,0,13
2015,9,2,13
2015,9,0,13
2015,9,0,13
2015,9,0,13
2015,9,0,13
2015,9,0,13
2015,10,0,2
2015,10,13,2
2015,10,1,2
2015,10,1,2
2015,10,1,2
2015,10,38,2
2015,10,2,2
2015,10,0,2
2015,10,0,2
2015,10,0,3
2015,10,0,3
2015,10,2,3
2015,10,1,4
2015,10,5,4
2015,10,1,4
2015,10,0,4
2015,10,0,4
2015,10,10,4
2015,10,0,5
2015,10,0,5
2015,10,20,5
2015,10,4,5
2015,10,2,5
2015,10,1,5
2015,10,2,5
2015,10,2,5
2015,10,1,5
2015,10,1,5
2015,10,0,5
2015,10,0,5
2015,10,0,5
2015,10,0,5
2015,10,0,5
2015,10,1,5
2015,10,5,5
2015,10,1,5
2015,10,4,5
2015,10,7,5
2015,10,4,5
2015,10,0,5
2015,10,2,5
2015,10,0,5
2015,10,1,5
2015,10,2,5
2015,10,0,5
2015,10,4,5
2015,10,0,5
2015,10,5,5
2015,10,5,5
2015,10,1,5
2015,10,2,5
2015,10,20,5
2015,10,5,5
2015,10,0,5
2015,10,0,5
2015,10,0,5
2015,10,0,5
2015,10,0,5
2015,10,0,5
2015,10,0,5
2015,10,0,5
2015,10,0,5
2015,10,0,5
2015,10,0,5
2015,10,0,5
2015,10,1,5
2015,10,2,5
2015,10,1,5
2015,10,0,5
2015,10,0,5
2015,10,0,5
2015,10,3,5
2015,10,0,5
2015,10,0,7
2015,10,0,7
2015,10,8,7
2015,10,4,7
2015,10,0,7
2015,10,0,7
2015,10,3,7
2015,10,3,7
2015,10,5,7
2015,10,2,7
2015,10,0,7
2015,10,0,8
2015,10,30,9
2015,10,1,9
2015,10,0,9
2015,10,0,9
2015,10,1,9
2015,10,80,9
2015,10,0,9
2015,10,2,9
2015,10,0,9
2015,10,4,9
2015,10,80,9
2015,10,30,9
2015,10,2,9
2015,10,0,9
2015,10,20,9
2015,10,0,9
2015,10,0,9
2015,10,0,9
2015,10,5,9
2015,10,1,9
2015,10,0,9
2015,10,1,9
2015,10,3,9
2015,10,10,9
2015,10,1,9
2015,10,1,9
2015,10,1,9
2015,10,25,9
2015,10,10,9
2015,10,10,9
2015,10,1,9
2015,10,0,9
2015,10,0,9
2015,10,0,9
2015,10,15,9
2015,10,2,9
2015,10,0,9
2015,10,0,9
2015,10,2,9
2015,10,0,9
2015,10,0,9
2015,10,0,9
2015,10,3,9
2015,10,4,9
2015,10,0,9
2015,10,0,9
2015,10,0,9
2015,10,0,9
2015,10,0,9
2015,10,0,9
2015,10,0,9
2015,10,0,9
2015,10,0,9
2015,10,0,9
2015,10,0,9
2015,10,6,10
2015,10,4490,13
2015,10,9,13
2015,10,0,13
2015,10,0,13
2015,11,0,1
2015,11,0,1
2015,11,0,2
2015,11,0,2
2015,11,5,2
2015,11,6,2
2015,11,0,3
2015,11,2,3
2015,11,8,4
2015,11,1,5
2015,11,0,5
2015,11,0,5
2015,11,1,5
2015,11,1,5
2015,11,2,5
2015,11,10,5
2015,11,2,5
2015,11,0,5
2015,11,0,5
2015,11,185,5
2015,11,3,5
2015,11,1,5
2015,11,5,5
2015,11,1,5
2015,11,10,5
2015,11,0,6
2015,11,0,7
2015,11,1,7
2015,11,2,7
2015,11,5,7
2015,11,20,7
2015,11,0,7
2015,11,0,7
2015,11,0,7
2015,11,0,8
2015,11,0,9
2015,11,33,9
2015,11,5,9
2015,11,1,9
2015,11,0,9
2015,11,15,9
2015,11,0,9
2015,11,0,9
2015,11,0,9
2015,11,0,9
2015,11,0,9
2015,11,3,9
2015,11,0,9
2015,11,0,9
2015,11,0,13
2015,11,0,13
2015,11,0,13
2015,11,0,13
2015,11,0,13
2015,11,0,13
2015,11,0,13
2015,12,0,2
2015,12,50,2
2015,12,0,2
2015,12,0,4
2015,12,2,5
2015,12,0,5
2015,12,2,5
2015,12,0,5
2015,12,0,5
2015,12,1,7
2015,12,40,7
2015,12,0,9
2015,12,0,9
2015,12,0,9
2015,12,1,9
2015,12,0,9
2015,12,0,9
2015,12,1,9
2015,12,0,9
2015,12,0,13
2015,12,0,13
2015,12,0,13
2015,12,0,13
2015,13,0,2
2015,13,3,5
2015,13,2,5
2015,13,0,5
2015,13,6,5
2015,13,0,7
2015,13,1,7
2015,13,0,9
2015,13,0,9
2015,13,0,9
2015,13,0,9
2015,13,5,9
2015,13,1,9
2015,13,1,9
2015,13,1,9
2015,13,0,9
2015,13,1,11
2015,13,0,13
2015,13,0,13
2015,14,0,1
2015,14,0,2
2015,14,0,2
2015,14,8,2
2015,14,1,2
2015,14,0,3
2015,14,0,5
2015,14,40,5
2015,14,5,5
2015,14,10,5
2015,14,0,5
2015,14,2,5
2015,14,20,5
2015,14,0,5
2015,14,40,5
2015,14,15,5
2015,14,3,5
2015,14,0,5
2015,14,1,5
2015,14,1,5
2015,14,20,5
2015,14,1,5
2015,14,0,5
2015,14,0,7
2015,14,0,9
2015,14,0,9
2015,14,2,9
2015,14,0,9
2015,14,5,9
2015,14,20,9
2015,14,0,9
2015,14,50,9
2015,14,0,9
2015,14,15,9
2015,14,4,9
2015,14,2,9
2015,14,0,9
2015,14,0,9
2015,14,1,9
2015,14,1,9
2015,14,0,9
2015,14,0,11
2015,14,0,11
2015,14,0,11
2015,14,0,13
2015,14,0,13
2015,14,0,13
2015,14,0,13
2015,15,0,2
2015,15,0,2
2015,15,0,2
2015,15,1,2
2015,15,0,2
2015,15,20,2
2015,15,0,2
2015,15,5,2
2015,15,0,2
2015,15,449,2
2015,15,0,2
2015,15,5,3
2015,15,0,4
2015,15,5,4
2015,15,2,4
2015,15,1,4
2015,15,0,5
2015,15,25,5
2015,15,1,5
2015,15,12,5
2015,15,3,5
2015,15,2,5
2015,15,1,5
2015,15,2,5
2015,15,1,5
2015,15,5,5
2015,15,5,5
2015,15,4,5
2015,15,5,5
2015,15,1,5
2015,15,2,5
2015,15,0,5
2015,15,26,5
2015,15,18,5
2015,15,0,5
2015,15,3,5
2015,15,1,5
2015,15,1,5
2015,15,1,5
2015,15,0,5
2015,15,3,5
2015,15,5,5
2015,15,3,5
2015,15,10,5
2015,15,1,5
2015,15,0,5
2015,15,0,5
2015,15,20,5
2015,15,0,5
2015,15,4,5
2015,15,0,5
2015,15,0,5
2015,15,0,5
2015,15,66,7
2015,15,0,7
2015,15,0,7
2015,15,0,7
2015,15,7,7
2015,15,1,7
2015,15,1,8
2015,15,1,9
2015,15,2,9
2015,15,5,9
2015,15,0,9
2015,15,0,9
2015,15,0,9
2015,15,2,9
2015,15,0,9
2015,15,0,9
2015,15,0,9
2015,15,0,9
2015,15,4,9
2015,15,40,9
2015,15,1,9
2015,15,200,9
2015,15,0,9
2015,15,3,9
2015,15,4,9
2015,15,5,9
2015,15,10,9
2015,15,0,9
2015,15,3,9
2015,15,0,9
2015,15,1,9
2015,15,1,9
2015,15,0,9
2015,15,0,9
2015,15,0,9
2015,15,1,9
2015,15,3,9
2015,15,5,9
2015,15,1,9
2015,15,1,9
2015,15,1,9
2015,15,0,9
2015,15,1,9
2015,15,0,11
2015,15,11,13
2015,15,1,13
2015,15,0,13
2015,15,0,13
2015,15,0,13
2015,16,0,2
2015,16,0,2
2015,16,0,2
2015,16,0,2
2015,16,0,2
2015,16,0,2
2015,16,30,2
2015,16,1,2
2015,16,3,2
2015,16,0,2
2015,16,5,2
2015,16,0,2
2015,16,1,2
2015,16,0,2
2015,16,10,3
2015,16,1,3
2015,16,1,4
2015,16,0,4
2015,16,2,5
2015,16,1,5
2015,16,0,5
2015,16,0,5
2015,16,7,5
2015,16,1,5
2015,16,6,5
2015,16,5,5
2015,16,1,5
2015,16,1,5
2015,16,20,5
2015,16,0,5
2015,16,50,5
2015,16,320,5
2015,16,1,5
2015,16,2,5
2015,16,5,5
2015,16,6,5
2015,16,3,5
2015,16,2,5
2015,16,10,5
2015,16,65,5
2015,16,8,5
2015,16,3,5
2015,16,10,5
2015,16,2,5
2015,16,5,5
2015,16,0,5
2015,16,0,5
2015,16,1,5
2015,16,3,5
2015,16,10,5
2015,16,2,5
2015,16,2,5
2015,16,10,5
2015,16,0,5
2015,16,0,5
2015,16,0,5
2015,16,5,5
2015,16,4,5
2015,16,5,5
2015,16,1,5
2015,16,0,5
2015,16,1,5
2015,16,2,5
2015,16,0,7
2015,16,0,7
2015,16,4,7
2015,16,6,7
2015,16,1,7
2015,16,0,7
2015,16,55,7
2015,16,0,7
2015,16,0,7
2015,16,0,7
2015,16,0,7
2015,16,0,7
2015,16,0,7
2015,16,0,7
2015,16,7,7
2015,16,25,7
2015,16,0,7
2015,16,49,9
2015,16,0,9
2015,16,1,9
2015,16,0,9
2015,16,1,9
2015,16,0,9
2015,16,1,9
2015,16,0,9
2015,16,0,9
2015,16,1,9
2015,16,0,9
2015,16,0,9
2015,16,1,9
2015,16,0,9
2015,16,2,9
2015,16,7,9
2015,16,0,9
2015,16,0,9
2015,16,1,9
2015,16,3,9
2015,16,10,9
2015,16,0,9
2015,16,0,9
2015,16,0,9
2015,16,0,9
2015,16,2,9
2015,16,0,9
2015,16,5,9
2015,16,0,9
2015,16,4,9
2015,16,0,9
2015,16,0,9
2015,16,0,9
2015,16,0,9
2015,16,0,9
2015,16,0,9
2015,16,2,9
2015,16,1,9
2015,16,0,9
2015,16,2,12
2015,16,20,12
2015,16,0,13
2015,16,31,13
2015,16,0,13
2015,16,0,13
2015,16,0,13
2015,16,0,13
2015,16,0,13
2015,16,0,13
2015,16,0,13
2015,16,0,13
2015,16,0,13
2015,16,0,13
2015,16,1,13
2015,17,0,2
2015,17,0,2
2015,17,1,2
2015,17,1,2
2015,17,0,2
2015,17,0,2
2015,17,5,2
2015,17,1,2
2015,17,1,2
2015,17,1,2
2015,17,3,2
2015,17,10,2
2015,17,60,2
2015,17,3,2
2015,17,10,2
2015,17,30,2
2015,17,130,2
2015,17,1,2
2015,17,500,2
2015,17,0,2
2015,17,2,3
2015,17,0,3
2015,17,0,3
2015,17,5,3
2015,17,0,3
2015,17,0,3
2015,17,1,4
2015,17,2,4
2015,17,12,4
2015,17,2,4
2015,17,10,5
2015,17,5,5
2015,17,1,5
2015,17,15,5
2015,17,1,5
2015,17,1,5
2015,17,3,5
2015,17,3,5
2015,17,0,5
2015,17,10,5
2015,17,5,5
2015,17,5,5
2015,17,1,5
2015,17,1,5
2015,17,20,5
2015,17,0,5
2015,17,0,5
2015,17,4,5
2015,17,3,5
2015,17,0,5
2015,17,0,5
2015,17,2,5
2015,17,2,5
2015,17,2,5
2015,17,4,5
2015,17,5,5
2015,17,8,5
2015,17,3,5
2015,17,3,5
2015,17,10,5
2015,17,0,5
2015,17,5,5
2015,17,2,5
2015,17,0,5
2015,17,16,5
2015,17,2,5
2015,17,2,5
2015,17,15,5
2015,17,24,5
2015,17,10,5
2015,17,0,5
2015,17,4,5
2015,17,12,5
2015,17,3,5
2015,17,0,5
2015,17,12,5
2015,17,2,5
2015,17,0,5
2015,17,0,5
2015,17,40,5
2015,17,2,5
2015,17,1,5
2015,17,0,5
2015,17,1,5
2015,17,1,5
2015,17,100,5
2015,17,2,5
2015,17,5,5
2015,17,1,5
2015,17,2,5
2015,17,5,5
2015,17,3,5
2015,17,0,5
2015,17,3,5
2015,17,5,5
2015,17,10,5
2015,17,1,5
2015,17,30,5
2015,17,5,5
2015,17,4,5
2015,17,2,5
2015,17,10,5
2015,17,1,5
2015,17,2,5
2015,17,10,5
2015,17,18,5
2015,17,1,5
2015,17,0,5
2015,17,0,5
2015,17,0,5
2015,17,0,5
2015,17,2,7
2015,17,0,7
2015,17,0,7
2015,17,4,7
2015,17,0,7
2015,17,25,7
2015,17,10,7
2015,17,0,7
2015,17,120,7
2015,17,2,7
2015,17,1,7
2015,17,20,7
2015,17,8,7
2015,17,90,7
2015,17,750,7
2015,17,0,8
2015,17,0,8
2015,17,29,8
2015,17,1,8
2015,17,2,8
2015,17,0,8
2015,17,299,9
2015,17,1,9
2015,17,0,9
2015,17,5,9
2015,17,0,9
2015,17,20,9
2015,17,5,9
2015,17,0,9
2015,17,1,9
2015,17,0,9
2015,17,0,9
2015,17,0,9
2015,17,0,9
2015,17,15,9
2015,17,0,9
2015,17,3,9
2015,17,0,9
2015,17,7,9
2015,17,2,9
2015,17,1,9
2015,17,1,9
2015,17,5,9
2015,17,1,9
2015,17,2,9
2015,17,1,9
2015,17,1,9
2015,17,1,9
2015,17,1,9
2015,17,5,9
2015,17,2,9
2015,17,1,9
2015,17,0,9
2015,17,0,9
2015,17,0,9
2015,17,10,9
2015,17,20,9
2015,17,0,9
2015,17,5,9
2015,17,8,9
2015,17,3,9
2015,17,1,9
2015,17,15,9
2015,17,1,9
2015,17,0,9
2015,17,0,9
2015,17,0,9
2015,17,4,9
2015,17,0,9
2015,17,0,9
2015,17,4,9
2015,17,0,9
2015,17,0,9
2015,17,1,9
2015,17,2,9
2015,17,4,10
2015,17,1,11
2015,17,0,11
2015,17,0,11
2015,17,0,11
2015,17,300,11
2015,17,1000,11
2015,17,0,11
2015,17,0,13
2015,17,3,13
2015,17,10,13
2015,17,2,13
2015,17,0,13
2015,17,0,13
2015,17,0,13
2015,17,0,13
2015,18,45,2
2015,18,6,2
2015,18,2,2
2015,18,6,2
2015,18,30,2
2015,18,2,2
2015,18,10,2
2015,18,6,2
2015,18,0,2
2015,18,2,2
2015,18,99,2
2015,18,38,2
2015,18,15,2
2015,18,0,2
2015,18,0,2
2015,18,0,2
2015,18,1,2
2015,18,0,3
2015,18,4,3
2015,18,0,3
2015,18,0,3
2015,18,4,3
2015,18,1,3
2015,18,1,3
2015,18,10,3
2015,18,16,3
2015,18,122,3
2015,18,0,4
2015,18,0,4
2015,18,1,4
2015,18,1,4
2015,18,1,4
2015,18,16,4
2015,18,5,4
2015,18,0,4
2015,18,10,4
2015,18,3,4
2015,18,3,4
2015,18,6,4
2015,18,2,4
2015,18,61,4
2015,18,40,4
2015,18,5,4
2015,18,7,4
2015,18,0,4
2015,18,1,4
2015,18,12,5
2015,18,84,5
2015,18,260,5
2015,18,120,5
2015,18,945,5
2015,18,0,5
2015,18,110,5
2015,18,10,5
2015,18,13,5
2015,18,1,5
2015,18,1,5
2015,18,2,5
2015,18,30,5
2015,18,2,5
2015,18,2,5
2015,18,2,5
2015,18,1,5
2015,18,6,5
2015,18,12,5
2015,18,2,5
2015,18,1,5
2015,18,2,5
2015,18,10,5
2015,18,2,5
2015,18,2,5
2015,18,1,5
2015,18,5,5
2015,18,0,5
2015,18,3,5
2015,18,3,5
2015,18,3,5
2015,18,31,5
2015,18,1,5
2015,18,0,5
2015,18,8,5
2015,18,4,5
2015,18,9,5
2015,18,2,5
2015,18,10,5
2015,18,3,5
2015,18,10,5
2015,18,10,5
2015,18,7,5
2015,18,1,5
2015,18,0,5
2015,18,7,5
2015,18,3,5
2015,18,1,5
2015,18,5,5
2015,18,4,5
2015,18,3,5
2015,18,10,5
2015,18,5,5
2015,18,4,5
2015,18,6,5
2015,18,100,5
2015,18,85,5
2015,18,2,5
2015,18,0,5
2015,18,2,5
2015,18,4,5
2015,18,26,5
2015,18,1,5
2015,18,2,5
2015,18,35,5
2015,18,0,5
2015,18,8,5
2015,18,31,5
2015,18,3,5
2015,18,1,5
2015,18,2,5
2015,18,0,5
2015,18,0,5
2015,18,0,5
2015,18,21,5
2015,18,2,5
2015,18,0,5
2015,18,3,5
2015,18,6,5
2015,18,8,5
2015,18,20,5
2015,18,80,5
2015,18,0,5
2015,18,10,5
2015,18,3,5
2015,18,4,5
2015,18,5,5
2015,18,1,5
2015,18,0,5
2015,18,80,5
2015,18,2,5
2015,18,1,5
2015,18,5,5
2015,18,8,5
2015,18,19,5
2015,18,1,5
2015,18,30,5
2015,18,12,5
2015,18,2,5
2015,18,0,5
2015,18,59,5
2015,18,2,5
2015,18,1,5
2015,18,10,5
2015,18,1,5
2015,18,1,5
2015,18,45,5
2015,18,30,5
2015,18,1,5
2015,18,5,5
2015,18,0,5
2015,18,1,5
2015,18,1,5
2015,18,10,5
2015,18,0,5
2015,18,15,5
2015,18,10,5
2015,18,1,5
2015,18,1,5
2015,18,1,5
2015,18,7,5
2015,18,2,5
2015,18,8,5
2015,18,150,5
2015,18,9,5
2015,18,1,5
2015,18,0,5
2015,18,30,5
2015,18,1,5
2015,18,1,5
2015,18,1,5
2015,18,1,5
2015,18,3,5
2015,18,5,5
2015,18,0,5
2015,18,1,5
2015,18,0,5
2015,18,1,5
2015,18,0,5
2015,18,75,5
2015,18,0,5
2015,18,3,5
2015,18,0,5
2015,18,1,5
2015,18,0,5
2015,18,10,5
2015,18,1,5
2015,18,5,5
2015,18,1,5
2015,18,5,5
2015,18,1,5
2015,18,1,5
2015,18,15,5
2015,18,1,5
2015,18,5,5
2015,18,20,5
2015,18,2,5
2015,18,0,5
2015,18,42,5
2015,18,0,5
2015,18,4,5
2015,18,10,5
2015,18,10,5
2015,18,1,5
2015,18,3,5
2015,18,2,5
2015,18,0,5
2015,18,0,5
2015,18,25,6
2015,18,0,7
2015,18,243,7
2015,18,3,7
2015,18,1,7
2015,18,0,7
2015,18,1350,7
2015,18,0,7
2015,18,1,7
2015,18,4,7
2015,18,5,7
2015,18,16,7
2015,18,0,7
2015,18,0,7
2015,18,3,7
2015,18,0,7
2015,18,15,7
2015,18,3,7
2015,18,0,7
2015,18,24,7
2015,18,30,7
2015,18,31,7
2015,18,200,7
2015,18,5,7
2015,18,10,7
2015,18,0,7
2015,18,60,7
2015,18,25,7
2015,18,35,7
2015,18,600,7
2015,18,3,7
2015,18,87,7
2015,18,848,7
2015,18,0,7
2015,18,0,8
2015,18,0,8
2015,18,222,8
2015,18,0,8
2015,18,5,8
2015,18,0,8
2015,18,0,9
2015,18,0,9
2015,18,146,9
2015,18,1907,9
2015,18,778,9
2015,18,1,9
2015,18,8,9
2015,18,4,9
2015,18,2,9
2015,18,35,9
2015,18,0,9
2015,18,2,9
2015,18,1,9
2015,18,0,9
2015,18,0,9
2015,18,0,9
2015,18,2,9
2015,18,30,9
2015,18,5,9
2015,18,3,9
2015,18,4,9
2015,18,1,9
2015,18,5,9
2015,18,1,9
2015,18,0,9
2015,18,0,9
2015,18,0,9
2015,18,3,9
2015,18,30,9
2015,18,5,9
2015,18,0,9
2015,18,4,9
2015,18,0,9
2015,18,0,9
2015,18,0,9
2015,18,0,9
2015,18,0,9
2015,18,32,9
2015,18,0,9
2015,18,1,9
2015,18,8,9
2015,18,0,9
2015,18,1,9
2015,18,0,9
2015,18,0,9
2015,18,30,9
2015,18,1,9
2015,18,0,9
2015,18,10,9
2015,18,5,9
2015,18,0,9
2015,18,0,9
2015,18,1,9
2015,18,1,9
2015,18,5,9
2015,18,1,9
2015,18,0,9
2015,18,0,9
2015,18,0,9
2015,18,0,9
2015,18,2,9
2015,18,0,10
2015,18,600,11
2015,18,2,11
2015,18,1,11
2015,18,134,13
2015,18,0,13
2015,18,0,13
2015,18,4,13
2015,18,0,13
2015,18,15,13
2015,18,25,13
2015,18,0,13
2015,18,0,13
2015,18,400,13
2015,18,556,13
2015,18,162,13
2015,19,0,2
2015,19,1,2
2015,19,1,2
2015,19,1,2
2015,19,1,2
2015,19,1,2
2015,19,5,2
2015,19,0,2
2015,19,0,2
2015,19,0,2
2015,19,10,2
2015,19,100,2
2015,19,5,2
2015,19,2,2
2015,19,7,2
2015,19,6,2
2015,19,1,2
2015,19,1,2
2015,19,1,2
2015,19,10,2
2015,19,0,2
2015,19,2,2
2015,19,1,2
2015,19,0,2
2015,19,0,2
2015,19,0,3
2015,19,3,3
2015,19,2,3
2015,19,80,3
2015,19,0,3
2015,19,0,3
2015,19,3,3
2015,19,7,3
2015,19,1,3
2015,19,4,3
2015,19,0,4
2015,19,139,4
2015,19,1,4
2015,19,4,4
2015,19,5,4
2015,19,4,4
2015,19,3,4
2015,19,40,4
2015,19,7,4
2015,19,4,4
2015,19,30,4
2015,19,9,4
2015,19,1,4
2015,19,50,4
2015,19,1,4
2015,19,20,4
2015,19,2,4
2015,19,2,4
2015,19,5,4
2015,19,15,4
2015,19,8,4
2015,19,15,4
2015,19,5,4
2015,19,39,4
2015,19,5,4
2015,19,8,4
2015,19,5,5
2015,19,11,5
2015,19,5,5
2015,19,1,5
2015,19,1,5
2015,19,5,5
2015,19,2,5
2015,19,3,5
2015,19,2,5
2015,19,0,5
2015,19,0,5
2015,19,0,5
2015,19,2,5
2015,19,0,5
2015,19,1,5
2015,19,3,5
2015,19,4,5
2015,19,1,5
2015,19,25,5
2015,19,2,5
2015,19,2,5
2015,19,5,5
2015,19,1,5
2015,19,0,5
2015,19,9,5
2015,19,3,5
2015,19,0,5
2015,19,2,5
2015,19,1,5
2015,19,2,5
2015,19,2,5
2015,19,10,5
2015,19,8,5
2015,19,0,5
2015,19,8,5
2015,19,2,5
2015,19,1,5
2015,19,20,5
2015,19,2,5
2015,19,1,5
2015,19,10,5
2015,19,5,5
2015,19,1,5
2015,19,3,5
2015,19,2,5
2015,19,1,5
2015,19,0,5
2015,19,3,5
2015,19,1,5
2015,19,3,5
2015,19,8,5
2015,19,33,5
2015,19,1,5
2015,19,1,5
2015,19,114,5
2015,19,0,5
2015,19,10,5
2015,19,10,5
2015,19,15,5
2015,19,0,5
2015,19,26,5
2015,19,3,5
2015,19,0,5
2015,19,2,5
2015,19,15,5
2015,19,6,5
2015,19,0,5
2015,19,3,5
2015,19,6,5
2015,19,9,5
2015,19,2,5
2015,19,1,5
2015,19,12,5
2015,19,5,5
2015,19,3,5
2015,19,0,5
2015,19,0,5
2015,19,0,5
2015,19,1,5
2015,19,2,5
2015,19,9,5
2015,19,2,5
2015,19,3,5
2015,19,1,5
2015,19,1,5
2015,19,1,5
2015,19,41,5
2015,19,0,5
2015,19,3,5
2015,19,1,5
2015,19,0,5
2015,19,2,5
2015,19,20,5
2015,19,3,5
2015,19,3,5
2015,19,7,5
2015,19,1,5
2015,19,10,5
2015,19,3,5
2015,19,1,5
2015,19,6,5
2015,19,0,5
2015,19,0,5
2015,19,0,5
2015,19,1,5
2015,19,4,5
2015,19,2,5
2015,19,10,5
2015,19,0,5
2015,19,2,5
2015,19,1,5
2015,19,50,5
2015,19,0,5
2015,19,1,5
2015,19,21,5
2015,19,10,5
2015,19,25,5
2015,19,4,5
2015,19,0,5
2015,19,4,5
2015,19,42,5
2015,19,10,5
2015,19,8,5
2015,19,2,5
2015,19,3,5
2015,19,8,5
2015,19,2,5
2015,19,2,5
2015,19,123,5
2015,19,15,5
2015,19,5,5
2015,19,0,5
2015,19,0,5
2015,19,14,5
2015,19,1,5
2015,19,2,5
2015,19,10,5
2015,19,15,5
2015,19,2,5
2015,19,18,5
2015,19,8,5
2015,19,0,5
2015,19,3,5
2015,19,15,5
2015,19,2,5
2015,19,12,5
2015,19,0,5
2015,19,10,5
2015,19,2,5
2015,19,3,5
2015,19,0,5
2015,19,15,5
2015,19,565,5
2015,19,1,5
2015,19,3,5
2015,19,10,5
2015,19,1,5
2015,19,5,5
2015,19,0,5
2015,19,1,5
2015,19,5,5
2015,19,15,5
2015,19,0,5
2015,19,3,5
2015,19,1,5
2015,19,5,5
2015,19,1,5
2015,19,3,5
2015,19,0,5
2015,19,8,5
2015,19,2,5
2015,19,1,5
2015,19,5,5
2015,19,1,5
2015,19,0,5
2015,19,10,5
2015,19,2,5
2015,19,63,5
2015,19,3,5
2015,19,2,5
2015,19,0,5
2015,19,75,5
2015,19,5,5
2015,19,5,5
2015,19,0,5
2015,19,1,5
2015,19,0,5
2015,19,0,5
2015,19,1,5
2015,19,4,5
2015,19,1,5
2015,19,40,5
2015,19,13,5
2015,19,30,5
2015,19,0,5
2015,19,1,5
2015,19,1,5
2015,19,0,5
2015,19,1,5
2015,19,0,5
2015,19,2,5
2015,19,0,5
2015,19,1,5
2015,19,693,7
2015,19,205,7
2015,19,81,7
2015,19,24,7
2015,19,200,7
2015,19,48,7
2015,19,1,7
2015,19,1,7
2015,19,34,7
2015,19,7,7
2015,19,0,7
2015,19,0,7
2015,19,50,7
2015,19,0,7
2015,19,6,7
2015,19,0,7
2015,19,40,7
2015,19,0,7
2015,19,20,7
2015,19,1,7
2015,19,0,7
2015,19,0,7
2015,19,80,7
2015,19,10,7
2015,19,8,7
2015,19,4,7
2015,19,2,7
2015,19,800,7
2015,19,0,7
2015,19,0,7
2015,19,0,7
2015,19,0,7
2015,19,5,8
2015,19,3,8
2015,19,5,8
2015,19,2,8
2015,19,1,8
2015,19,1,8
2015,19,5,8
2015,19,2,8
2015,19,1,8
2015,19,0,8
2015,19,3,8
2015,19,0,8
2015,19,971,9
2015,19,5,9
2015,19,37,9
2015,19,0,9
2015,19,0,9
2015,19,1,9
2015,19,25,9
2015,19,2,9
2015,19,1,9
2015,19,1,9
2015,19,4,9
2015,19,1,9
2015,19,0,9
2015,19,5,9
2015,19,0,9
2015,19,1,9
2015,19,5,9
2015,19,0,9
2015,19,0,9
2015,19,1,9
2015,19,6,9
2015,19,8,9
2015,19,25,9
2015,19,1,9
2015,19,0,9
2015,19,2,9
2015,19,1,9
2015,19,4,9
2015,19,15,9
2015,19,60,9
2015,19,0,9
2015,19,0,9
2015,19,10,9
2015,19,0,9
2015,19,1,9
2015,19,15,9
2015,19,0,9
2015,19,90,9
2015,19,2,9
2015,19,10,9
2015,19,0,9
2015,19,1,9
2015,19,15,9
2015,19,1,9
2015,19,1,9
2015,19,20,9
2015,19,2,9
2015,19,0,9
2015,19,0,9
2015,19,0,9
2015,19,100,9
2015,19,0,9
2015,19,0,9
2015,19,0,9
2015,19,0,9
2015,19,0,9
2015,19,56,9
2015,19,0,9
2015,19,0,9
2015,19,1,9
2015,19,3,9
2015,19,0,9
2015,19,0,9
2015,19,0,9
2015,19,8,9
2015,19,0,9
2015,19,10,9
2015,19,0,9
2015,19,77,9
2015,19,0,9
2015,19,0,9
2015,19,0,9
2015,19,0,9
2015,19,0,9
2015,19,0,9
2015,19,0,9
2015,19,0,9
2015,19,0,9
2015,19,0,9
2015,19,10,9
2015,19,0,9
2015,19,20,9
2015,19,0,9
2015,19,0,9
2015,19,0,9
2015,19,0,9
2015,19,5,9
2015,19,0,9
2015,19,0,9
2015,19,0,9
2015,19,0,9
2015,19,0,9
2015,19,0,9
2015,19,0,9
2015,19,3,10
2015,19,0,10
2015,19,3,10
2015,19,5,10
2015,19,0,10
2015,19,3,11
2015,19,0,11
2015,19,3,11
2015,19,0,11
2015,19,60,11
2015,19,9,11
2015,19,0,12
2015,19,28,13
2015,19,0,13
2015,19,0,13
2015,19,4,13
2015,19,148,13
2015,19,1,13
2015,19,0,13
2015,19,0,13
2015,19,0,13
2015,19,0,13
2015,19,0,13
2015,19,0,13
2015,19,39,13
2015,19,200,13
2015,19,0,13
2015,20,0,2
2015,20,0,2
2015,20,0,2
2015,20,5,2
2015,20,5,2
2015,20,40,2
2015,20,10,2
2015,20,0,2
2015,20,0,2
2015,20,0,2
2015,20,3,2
2015,20,0,3
2015,20,0,3
2015,20,0,3
2015,20,452,4
2015,20,2,4
2015,20,4,4
2015,20,4,4
2015,20,8,4
2015,20,37,4
2015,20,10,4
2015,20,5,4
2015,20,15,4
2015,20,10,5
2015,20,1,5
2015,20,468,5
2015,20,0,5
2015,20,2,5
2015,20,2,5
2015,20,4,5
2015,20,1,5
2015,20,2,5
2015,20,9,5
2015,20,9,5
2015,20,13,5
2015,20,1,5
2015,20,1,5
2015,20,1,5
2015,20,10,5
2015,20,3,5
2015,20,1,5
2015,20,0,5
2015,20,1,5
2015,20,0,5
2015,20,5,5
2015,20,1,5
2015,20,3,5
2015,20,18,5
2015,20,1,5
2015,20,1,5
2015,20,4,5
2015,20,0,5
2015,20,3,5
2015,20,67,5
2015,20,1,5
2015,20,2,5
2015,20,0,5
2015,20,0,5
2015,20,0,5
2015,20,6,5
2015,20,0,5
2015,20,19,5
2015,20,1,5
2015,20,14,5
2015,20,1,5
2015,20,2,5
2015,20,3,5
2015,20,3,5
2015,20,130,5
2015,20,2,5
2015,20,0,5
2015,20,3,5
2015,20,0,5
2015,20,4,5
2015,20,1,5
2015,20,3,5
2015,20,0,5
2015,20,1,5
2015,20,11,5
2015,20,0,5
2015,20,3,5
2015,20,3,5
2015,20,5,5
2015,20,3,5
2015,20,1,5
2015,20,1,5
2015,20,1,5
2015,20,0,5
2015,20,1,5
2015,20,1,5
2015,20,10,5
2015,20,0,5
2015,20,1,5
2015,20,13,5
2015,20,1,5
2015,20,1,5
2015,20,3,5
2015,20,0,5
2015,20,1,5
2015,20,1,5
2015,20,2,5
2015,20,5,5
2015,20,1,5
2015,20,10,5
2015,20,1,5
2015,20,1,5
2015,20,1,5
2015,20,1,5
2015,20,2,5
2015,20,0,5
2015,20,0,5
2015,20,31,5
2015,20,15,5
2015,20,0,5
2015,20,0,5
2015,20,0,5
2015,20,0,5
2015,20,0,5
2015,20,0,5
2015,20,1,5
2015,20,0,5
2015,20,0,5
2015,20,0,5
2015,20,0,5
2015,20,0,5
2015,20,0,5
2015,20,0,5
2015,20,0,5
2015,20,0,5
2015,20,0,5
2015,20,1,5
2015,20,1,5
2015,20,0,5
2015,20,0,5
2015,20,1,5
2015,20,15,5
2015,20,3,5
2015,20,5,5
2015,20,1,6
2015,20,1,7
2015,20,2,7
2015,20,25,7
2015,20,0,7
2015,20,13,7
2015,20,3,7
2015,20,2,7
2015,20,0,7
2015,20,2,7
2015,20,6,7
2015,20,7,7
2015,20,10,7
2015,20,160,7
2015,20,0,7
2015,20,8,7
2015,20,3,7
2015,20,1,7
2015,20,15,7
2015,20,39,7
2015,20,1,7
2015,20,650,7
2015,20,1,7
2015,20,6,7
2015,20,1,8
2015,20,31,9
2015,20,0,9
2015,20,25,9
2015,20,3,9
2015,20,45,9
2015,20,3,9
2015,20,2,9
2015,20,4,9
2015,20,80,9
2015,20,2,9
2015,20,10,9
2015,20,0,9
2015,20,2,9
2015,20,3,9
2015,20,1,9
2015,20,2,9
2015,20,0,9
2015,20,0,9
2015,20,0,9
2015,20,2,9
2015,20,19,9
2015,20,26,9
2015,20,2,9
2015,20,0,9
2015,20,5,9
2015,20,1,9
2015,20,0,9
2015,20,0,9
2015,20,0,9
2015,20,0,9
2015,20,1,9
2015,20,0,9
2015,20,0,9
2015,20,0,9
2015,20,0,9
2015,20,0,9
2015,20,0,9
2015,20,0,9
2015,20,9,11
2015,20,0,11
2015,20,600,11
2015,20,0,13
2015,20,8,13
2015,20,3,13
2015,20,0,13
2015,20,35,13
2015,20,21,13
2015,20,14,13
2015,20,0,13
2015,20,0,13
2015,20,0,13
2015,20,0,13
2015,20,0,13
2015,20,0,13
2015,20,0,13
2015,20,135,13
2015,21,0,1
2015,21,0,2
2015,21,0,2
2015,21,1,2
2015,21,0,2
2015,21,1,2
2015,21,0,2
2015,21,4,2
2015,21,25,2
2015,21,2,2
2015,21,0,2
2015,21,0,2
2015,21,1,2
2015,21,3,2
2015,21,0,2
2015,21,23,3
2015,21,0,3
2015,21,2,3
2015,21,6,3
2015,21,0,3
2015,21,20,3
2015,21,0,4
2015,21,2,4
2015,21,13,4
2015,21,18,4
2015,21,3,4
2015,21,15,4
2015,21,20,4
2015,21,2,4
2015,21,1,4
2015,21,3,4
2015,21,1,4
2015,21,50,4
2015,21,0,4
2015,21,0,4
2015,21,0,4
2015,21,0,4
2015,21,1,4
2015,21,3,5
2015,21,9,5
2015,21,11,5
2015,21,2,5
2015,21,1,5
2015,21,2,5
2015,21,1,5
2015,21,6,5
2015,21,1,5
2015,21,3,5
2015,21,1,5
2015,21,2,5
2015,21,1,5
2015,21,3,5
2015,21,0,5
2015,21,3,5
2015,21,3,5
2015,21,5,5
2015,21,3,5
2015,21,3,5
2015,21,10,5
2015,21,2,5
2015,21,16,5
2015,21,2,5
2015,21,1,5
2015,21,2,5
2015,21,2,5
2015,21,0,5
2015,21,4,5
2015,21,6,5
2015,21,2,5
2015,21,3,5
2015,21,10,5
2015,21,10,5
2015,21,0,5
2015,21,40,5
2015,21,0,5
2015,21,1,5
2015,21,3,5
2015,21,2,5
2015,21,10,5
2015,21,6,5
2015,21,55,5
2015,21,35,5
2015,21,10,5
2015,21,0,5
2015,21,0,5
2015,21,0,5
2015,21,0,5
2015,21,0,5
2015,21,0,5
2015,21,5,5
2015,21,1,5
2015,21,86,5
2015,21,7,5
2015,21,2,5
2015,21,0,5
2015,21,4,5
2015,21,0,5
2015,21,20,5
2015,21,10,5
2015,21,15,5
2015,21,1,5
2015,21,0,5
2015,21,2,5
2015,21,25,5
2015,21,0,5
2015,21,2,5
2015,21,1,5
2015,21,150,5
2015,21,0,5
2015,21,0,5
2015,21,18,5
2015,21,150,5
2015,21,3,5
2015,21,3,5
2015,21,0,5
2015,21,3,5
2015,21,1,5
2015,21,3,5
2015,21,4,5
2015,21,1,5
2015,21,0,5
2015,21,1,5
2015,21,5,5
2015,21,1,5
2015,21,2,5
2015,21,3,5
2015,21,6,5
2015,21,0,5
2015,21,4,5
2015,21,0,5
2015,21,5,5
2015,21,1,5
2015,21,0,5
2015,21,0,5
2015,21,1,6
2015,21,1,6
2015,21,7,6
2015,21,9,7
2015,21,4,7
2015,21,0,7
2015,21,0,7
2015,21,0,7
2015,21,11,7
2015,21,1,7
2015,21,0,7
2015,21,1,7
2015,21,1,7
2015,21,1,7
2015,21,0,7
2015,21,5,7
2015,21,0,7
2015,21,2,7
2015,21,27,7
2015,21,0,7
2015,21,1,7
2015,21,0,8
2015,21,1,8
2015,21,0,8
2015,21,1,8
2015,21,0,8
2015,21,0,8
2015,21,1,9
2015,21,0,9
2015,21,1,9
2015,21,0,9
2015,21,3,9
2015,21,3,9
2015,21,2,9
2015,21,1,9
2015,21,3,9
2015,21,5,9
2015,21,4,9
2015,21,2,9
2015,21,10,9
2015,21,50,9
2015,21,3,9
2015,21,0,9
2015,21,19,9
2015,21,0,9
2015,21,20,9
2015,21,0,9
2015,21,50,9
2015,21,1,9
2015,21,0,9
2015,21,0,9
2015,21,0,9
2015,21,34,9
2015,21,0,9
2015,21,4,9
2015,21,17,9
2015,21,1,9
2015,21,0,9
2015,21,1,9
2015,21,0,9
2015,21,1,9
2015,21,3,11
2015,21,1,11
2015,21,0,12
2015,21,2,13
2015,21,0,13
2015,21,0,13
2015,21,0,13
2015,21,0,13
2015,21,5,13
2015,22,0,2
2015,22,10,2
2015,22,0,2
2015,22,0,2
2015,22,2,2
2015,22,0,2
2015,22,0,2
2015,22,1,2
2015,22,0,2
2015,22,4,2
2015,22,0,2
2015,22,0,2
2015,22,0,3
2015,22,1,3
2015,22,0,3
2015,22,0,3
2015,22,0,3
2015,22,8,4
2015,22,2,4
2015,22,6,4
2015,22,1,4
2015,22,2,5
2015,22,0,5
2015,22,1,5
2015,22,1,5
2015,22,0,5
2015,22,2,5
2015,22,8,5
2015,22,1,5
2015,22,3,5
2015,22,4,5
2015,22,2,5
2015,22,14,5
2015,22,0,5
2015,22,1,5
2015,22,4,5
2015,22,1,5
2015,22,6,5
2015,22,1,5
2015,22,1,5
2015,22,1,5
2015,22,3,5
2015,22,3,5
2015,22,0,5
2015,22,6,5
2015,22,1,5
2015,22,1,5
2015,22,0,5
2015,22,0,5
2015,22,0,5
2015,22,7,6
2015,22,1,6
2015,22,120,7
2015,22,0,7
2015,22,2,7
2015,22,32,7
2015,22,0,7
2015,22,4,7
2015,22,1,7
2015,22,1,7
2015,22,0,7
2015,22,0,8
2015,22,2,9
2015,22,1,9
2015,22,0,9
2015,22,10,9
2015,22,8,9
2015,22,1,9
2015,22,3,9
2015,22,3,9
2015,22,7,9
2015,22,0,9
2015,22,2,9
2015,22,0,9
2015,22,0,9
2015,22,0,9
2015,22,2,9
2015,22,16,9
2015,22,0,9
2015,22,30,9
2015,22,0,9
2015,22,2,9
2015,22,0,9
2015,22,0,9
2015,22,2,9
2015,22,0,9
2015,22,5,13
2015,22,0,13
2015,22,0,13
2015,22,0,13
2015,22,0,13
2015,22,0,13
2015,22,0,13
2015,22,0,13
2015,23,0,2
2015,23,0,2
2015,23,0,2
2015,23,38,2
2015,23,50,2
2015,23,0,2
2015,23,0,2
2015,23,1,2
2015,23,0,3
2015,23,1,5
2015,23,6,5
2015,23,4,5
2015,23,2,5
2015,23,6,5
2015,23,1,5
2015,23,2,5
2015,23,0,5
2015,23,40,5
2015,23,25,5
2015,23,20,5
2015,23,0,5
2015,23,1,5
2015,23,1,5
2015,23,0,5
2015,23,1,6
2015,23,0,7
2015,23,0,7
2015,23,14,7
2015,23,5,7
2015,23,2,7
2015,23,3,7
2015,23,3,7
2015,23,0,9
2015,23,0,9
2015,23,1,9
2015,23,1,9
2015,23,1,9
2015,23,0,9
2015,23,0,9
2015,23,0,9
2015,23,0,9
2015,23,6,9
2015,23,0,9
2015,23,0,9
2015,23,0,9
2015,23,1,9
2015,23,1,9
2015,23,0,9
2015,23,20,9
2015,23,20,9
2015,23,0,9
2015,23,0,9
2015,23,1,11
2015,23,0,12
2015,23,2,12
2015,23,10,12
2015,23,0,13
2015,23,0,13
2015,23,0,13
2015,23,0,13
2015,23,0,13
2015,23,0,13
2015,23,0,13
2015,23,0,13
2015,23,0,13
2015,23,0,13
2015,24,5,1
2015,24,1,2
2015,24,2,2
2015,24,0,2
2015,24,10,2
2015,24,5,2
2015,24,5,2
2015,24,1,3
2015,24,0,3
2015,24,0,4
2015,24,37,5
2015,24,52,5
2015,24,0,5
2015,24,5,5
2015,24,0,5
2015,24,1,5
2015,24,1,5
2015,24,6,5
2015,24,1,5
2015,24,8,5
2015,24,3,5
2015,24,1,5
2015,24,2,5
2015,24,0,5
2015,24,4,5
2015,24,1,5
2015,24,0,5
2015,24,3,5
2015,24,3,5
2015,24,12,5
2015,24,2,5
2015,24,3,5
2015,24,125,5
2015,24,25,5
2015,24,1,5
2015,24,5,5
2015,24,2,5
2015,24,10,5
2015,24,1,5
2015,24,16,5
2015,24,200,5
2015,24,0,5
2015,24,30,5
2015,24,2,5
2015,24,3,5
2015,24,1,5
2015,24,3,5
2015,24,35,5
2015,24,2,5
2015,24,5,5
2015,24,50,5
2015,24,0,5
2015,24,0,5
2015,24,3,5
2015,24,1,5
2015,24,2,5
2015,24,2,5
2015,24,2,5
2015,24,1,5
2015,24,3,5
2015,24,0,5
2015,24,0,5
2015,24,10,5
2015,24,0,5
2015,24,1,5
2015,24,15,5
2015,24,0,5
2015,24,2,5
2015,24,10,5
2015,24,0,5
2015,24,1,5
2015,24,1,5
2015,24,5,5
2015,24,1,5
2015,24,1,5
2015,24,0,5
2015,24,0,5
2015,24,0,5
2015,24,2,7
2015,24,5,7
2015,24,0,7
2015,24,15,7
2015,24,1,7
2015,24,10,7
2015,24,10,7
2015,24,0,7
2015,24,2,7
2015,24,2,7
2015,24,4,7
2015,24,0,7
2015,24,0,7
2015,24,16,8
2015,24,0,9
2015,24,44,9
2015,24,0,9
2015,24,2,9
2015,24,75,9
2015,24,1,9
2015,24,0,9
2015,24,0,9
2015,24,0,9
2015,24,0,9
2015,24,20,9
2015,24,2,9
2015,24,0,9
2015,24,0,9
2015,24,1,9
2015,24,0,9
2015,24,0,9
2015,24,50,9
2015,24,0,9
2015,24,0,9
2015,24,2,9
2015,24,0,9
2015,24,0,9
2015,24,10,9
2015,24,0,9
2015,24,2,9
2015,24,0,9
2015,24,0,9
2015,24,1,9
2015,24,0,9
2015,24,2,9
2015,24,0,9
2015,24,10,9
2015,24,1,9
2015,24,10,9
2015,24,20,9
2015,24,3,9
2015,24,1,9
2015,24,0,9
2015,24,40,9
2015,24,1,9
2015,24,5,9
2015,24,0,9
2015,24,0,9
2015,24,1,9
2015,24,0,9
2015,24,0,10
2015,24,0,10
2015,24,7,11
2015,24,2,11
2015,24,3,12
2015,24,0,13
2015,24,0,13
2015,24,0,13
2015,24,0,13
2015,24,0,13
2015,24,0,13
2015,24,0,13
2015,24,0,13
2015,24,0,13
2015,24,0,13
2015,24,0,13
2015,24,0,13
2015,24,0,13
2015,24,0,13
2015,25,188,2
2015,25,0,2
2015,25,65,2
2015,25,15,2
2015,25,0,2
2015,25,10,2
2015,25,1,2
2015,25,1,2
2015,25,10,2
2015,25,1,2
2015,25,0,2
2015,25,2,3
2015,25,1,3
2015,25,10,3
2015,25,1,3
2015,25,0,4
2015,25,8,4
2015,25,4,4
2015,25,11,4
2015,25,150,4
2015,25,61,5
2015,25,2,5
2015,25,1,5
2015,25,3,5
2015,25,2,5
2015,25,0,5
2015,25,5,5
2015,25,3,5
2015,25,1,5
2015,25,6,5
2015,25,1,5
2015,25,5,5
2015,25,5,5
2015,25,0,5
2015,25,40,5
2015,25,13,5
2015,25,0,5
2015,25,2,5
2015,25,150,5
2015,25,1,5
2015,25,1,5
2015,25,32,5
2015,25,1,5
2015,25,1,5
2015,25,0,5
2015,25,0,5
2015,25,2,5
2015,25,7,5
2015,25,0,5
2015,25,1,5
2015,25,4,5
2015,25,6,5
2015,25,6,5
2015,25,1,5
2015,25,3,5
2015,25,1,5
2015,25,2,5
2015,25,5,5
2015,25,10,5
2015,25,5,5
2015,25,0,5
2015,25,34,5
2015,25,0,7
2015,25,3,7
2015,25,1,7
2015,25,2,7
2015,25,6,7
2015,25,1,7
2015,25,30,7
2015,25,6,7
2015,25,8,7
2015,25,8,7
2015,25,0,7
2015,25,0,7
2015,25,0,7
2015,25,0,7
2015,25,0,7
2015,25,2,7
2015,25,0,7
2015,25,4,8
2015,25,0,8
2015,25,0,8
2015,25,1,9
2015,25,35,9
2015,25,0,9
2015,25,4,9
2015,25,0,9
2015,25,2,9
2015,25,55,9
2015,25,1,9
2015,25,0,9
2015,25,0,9
2015,25,0,9
2015,25,10,9
2015,25,1,9
2015,25,0,9
2015,25,8,9
2015,25,60,9
2015,25,6,9
2015,25,10,9
2015,25,10,9
2015,25,0,9
2015,25,1,9
2015,25,3,9
2015,25,7,9
2015,25,0,9
2015,25,0,9
2015,25,3,9
2015,25,15,9
2015,25,3,9
2015,25,102,11
2015,25,12,11
2015,25,0,11
2015,25,10,11
2015,25,8,11
2015,25,1,11
2015,25,4,11
2015,25,0,12
2015,25,0,13
2015,25,0,13
2015,25,0,13
2015,25,0,13
2015,25,0,13
2015,25,0,13
2015,25,0,13
2015,25,0,13
2015,25,0,13
2015,25,0,13
2015,25,0,13
2015,25,0,13
2015,25,0,13
2015,25,0,13
2015,25,0,13
2015,25,0,13
2015,25,0,13
2015,25,0,13
2015,25,0,13
2015,25,0,13
2015,25,281,13
2015,26,10,2
2015,26,0,2
2015,26,5,2
2015,26,10,2
2015,26,2,2
2015,26,0,2
2015,26,3,2
2015,26,2,2
2015,26,1,2
2015,26,10,2
2015,26,1,2
2015,26,30,2
2015,26,400,2
2015,26,3,2
2015,26,4,2
2015,26,150,2
2015,26,1,2
2015,26,0,2
2015,26,4,3
2015,26,23,3
2015,26,0,3
2015,26,3,4
2015,26,13,4
2015,26,4,4
2015,26,0,5
2015,26,33,5
2015,26,1,5
2015,26,0,5
2015,26,3,5
2015,26,1,5
2015,26,12,5
2015,26,0,5
2015,26,1,5
2015,26,1,5
2015,26,3,5
2015,26,1,5
2015,26,2,5
2015,26,0,5
2015,26,0,5
2015,26,2,5
2015,26,1,5
2015,26,2,5
2015,26,5,5
2015,26,1,5
2015,26,39,5
2015,26,3,5
2015,26,0,5
2015,26,1,5
2015,26,5,5
2015,26,0,5
2015,26,0,5
2015,26,10,5
2015,26,2,5
2015,26,3,5
2015,26,1,5
2015,26,5,5
2015,26,5,5
2015,26,1,5
2015,26,6,5
2015,26,20,5
2015,26,10,5
2015,26,5,5
2015,26,5,5
2015,26,0,5
2015,26,10,5
2015,26,3,5
2015,26,1,5
2015,26,0,5
2015,26,2,5
2015,26,2,5
2015,26,3,5
2015,26,3,5
2015,26,1,5
2015,26,1,5
2015,26,10,5
2015,26,2,5
2015,26,0,5
2015,26,1,5
2015,26,4,5
2015,26,1,5
2015,26,1,5
2015,26,5,5
2015,26,1,5
2015,26,1,5
2015,26,5,5
2015,26,1,5
2015,26,60,5
2015,26,1,5
2015,26,0,7
2015,26,0,7
2015,26,6,7
2015,26,19,7
2015,26,15,7
2015,26,0,8
2015,26,4,9
2015,26,2005,9
2015,26,0,9
2015,26,0,9
2015,26,0,9
2015,26,0,9
2015,26,7,9
2015,26,0,9
2015,26,0,9
2015,26,1,9
2015,26,8,9
2015,26,1,9
2015,26,11,9
2015,26,0,9
2015,26,1,9
2015,26,1,9
2015,26,2,9
2015,26,0,9
2015,26,65,9
2015,26,1,9
2015,26,3,9
2015,26,4,9
2015,26,0,9
2015,26,0,9
2015,26,0,9
2015,26,10,9
2015,26,0,9
2015,26,0,9
2015,26,0,9
2015,26,12,9
2015,26,20,9
2015,26,1,9
2015,26,0,9
2015,26,3,10
2015,26,0,11
2015,26,1,11
2015,26,1,11
2015,26,3,11
2015,26,0,11
2015,26,1,11
2015,26,150,12
2015,26,10,13
2015,26,19,13
2015,26,2,13
2015,26,0,13
2015,26,0,13
2015,26,0,13
2015,26,0,13
2015,26,0,13
2015,26,0,13
2015,26,0,13
2015,26,0,13
2015,26,3,13
2015,27,1,1
2015,27,20,2
2015,27,1,2
2015,27,1,2
2015,27,70,2
2015,27,0,2
2015,27,0,2
2015,27,0,2
2015,27,0,2
2015,27,400,2
2015,27,0,3
2015,27,1,3
2015,27,0,3
2015,27,0,4
2015,27,1,4
2015,27,45,4
2015,27,5,4
2015,27,2,4
2015,27,3,4
2015,27,1,4
2015,27,1,4
2015,27,15,4
2015,27,20,4
2015,27,4,4
2015,27,0,5
2015,27,1550,5
2015,27,26,5
2015,27,8,5
2015,27,30,5
2015,27,2,5
2015,27,0,5
2015,27,2,5
2015,27,0,5
2015,27,0,5
2015,27,0,5
2015,27,0,5
2015,27,5,5
2015,27,4,5
2015,27,3,5
2015,27,1,5
2015,27,0,5
2015,27,2,5
2015,27,0,5
2015,27,2,5
2015,27,3,5
2015,27,0,5
2015,27,1,5
2015,27,15,5
2015,27,5,5
2015,27,5,5
2015,27,1,5
2015,27,10,5
2015,27,2,5
2015,27,10,5
2015,27,0,5
2015,27,3,5
2015,27,1,5
2015,27,1,5
2015,27,5,5
2015,27,1,5
2015,27,8,5
2015,27,25,5
2015,27,1,5
2015,27,2,5
2015,27,0,5
2015,27,2,5
2015,27,1,5
2015,27,0,5
2015,27,3,5
2015,27,1,5
2015,27,0,5
2015,27,5,5
2015,27,4,5
2015,27,13,5
2015,27,14,5
2015,27,5,5
2015,27,42,5
2015,27,9,5
2015,27,0,5
2015,27,10,5
2015,27,2,5
2015,27,1,5
2015,27,10,5
2015,27,3,5
2015,27,0,5
2015,27,5,5
2015,27,1,5
2015,27,5,5
2015,27,240,5
2015,27,1,5
2015,27,1,5
2015,27,30,5
2015,27,3,5
2015,27,3,5
2015,27,0,5
2015,27,9,5
2015,27,2,5
2015,27,26,5
2015,27,10,5
2015,27,5,5
2015,27,20,5
2015,27,1,5
2015,27,1,5
2015,27,5,5
2015,27,1,5
2015,27,0,5
2015,27,0,5
2015,27,0,5
2015,27,5,5
2015,27,0,5
2015,27,1,5
2015,27,5,5
2015,27,2,5
2015,27,2,5
2015,27,3,5
2015,27,0,5
2015,27,15,5
2015,27,15,5
2015,27,1,5
2015,27,3,5
2015,27,10,5
2015,27,4,5
2015,27,1,5
2015,27,1,5
2015,27,1,5
2015,27,2,5
2015,27,1,5
2015,27,2,5
2015,27,0,5
2015,27,1,5
2015,27,1,5
2015,27,5,5
2015,27,2,5
2015,27,1,5
2015,27,5,5
2015,27,1,5
2015,27,1,5
2015,27,6,5
2015,27,0,5
2015,27,3,7
2015,27,0,7
2015,27,2,7
2015,27,1,7
2015,27,8,7
2015,27,2,7
2015,27,0,7
2015,27,40,7
2015,27,60,7
2015,27,65,7
2015,27,70,7
2015,27,1,7
2015,27,0,7
2015,27,2,7
2015,27,1,7
2015,27,15,7
2015,27,1,7
2015,27,0,8
2015,27,4,8
2015,27,1,9
2015,27,0,9
2015,27,0,9
2015,27,1,9
2015,27,1,9
2015,27,0,9
2015,27,1,9
2015,27,1,9
2015,27,22,9
2015,27,10,9
2015,27,0,9
2015,27,0,9
2015,27,0,9
2015,27,3,9
2015,27,41,9
2015,27,0,9
2015,27,3,9
2015,27,66,9
2015,27,1,9
2015,27,5,9
2015,27,1,9
2015,27,0,9
2015,27,0,9
2015,27,11,9
2015,27,0,9
2015,27,6,9
2015,27,0,9
2015,27,0,9
2015,27,15,9
2015,27,11,9
2015,27,1,9
2015,27,0,9
2015,27,0,9
2015,27,0,9
2015,27,0,9
2015,27,0,9
2015,27,0,9
2015,27,0,9
2015,27,0,9
2015,27,0,9
2015,27,0,9
2015,27,0,9
2015,27,3,9
2015,27,1,9
2015,27,1,9
2015,27,0,10
2015,27,0,11
2015,27,5,11
2015,27,2,11
2015,27,0,12
2015,27,0,13
2015,27,2,13
2015,27,0,13
2015,27,30,13
2015,27,3,13
2015,27,8,13
2015,27,4,13
2015,27,0,13
2015,27,0,13
2015,27,0,13
2015,27,9,13
2015,27,0,13
2015,28,1,2
2015,28,0,2
2015,28,2,2
2015,28,2,2
2015,28,1,2
2015,28,1,2
2015,28,0,2
2015,28,3,2
2015,28,3,2
2015,28,1,2
2015,28,5,2
2015,28,80,2
2015,28,40,2
2015,28,5,2
2015,28,0,2
2015,28,40,2
2015,28,250,2
2015,28,25,2
2015,28,5,2
2015,28,1,3
2015,28,250,3
2015,28,1,3
2015,28,1,3
2015,28,0,4
2015,28,1,4
2015,28,2,4
2015,28,5,4
2015,28,1,4
2015,28,4,4
2015,28,20,4
2015,28,15,4
2015,28,1,4
2015,28,1,4
2015,28,1,4
2015,28,4,4
2015,28,2,4
2015,28,3,4
2015,28,6,4
2015,28,3,4
2015,28,0,5
2015,28,0,5
2015,28,2,5
2015,28,0,5
2015,28,0,5
2015,28,6,5
2015,28,1,5
2015,28,0,5
2015,28,1,5
2015,28,3,5
2015,28,0,5
2015,28,1,5
2015,28,0,5
2015,28,5,5
2015,28,30,5
2015,28,5,5
2015,28,1,5
2015,28,1,5
2015,28,1,5
2015,28,3,5
2015,28,1,5
2015,28,8,5
2015,28,4,5
2015,28,5,5
2015,28,3,5
2015,28,4,5
2015,28,0,5
2015,28,1,5
2015,28,8,5
2015,28,0,5
2015,28,2,5
2015,28,2,5
2015,28,0,5
2015,28,1,5
2015,28,2,5
2015,28,35,5
2015,28,3,5
2015,28,26,5
2015,28,9,5
2015,28,13,5
2015,28,5,5
2015,28,35,5
2015,28,11,5
2015,28,35,5
2015,28,1,5
2015,28,15,5
2015,28,36,5
2015,28,180,5
2015,28,1,5
2015,28,46,5
2015,28,0,5
2015,28,3,5
2015,28,80,5
2015,28,5,5
2015,28,0,5
2015,28,9,5
2015,28,2,5
2015,28,0,5
2015,28,2,5
2015,28,5,5
2015,28,4,5
2015,28,1,5
2015,28,1,5
2015,28,0,5
2015,28,250,5
2015,28,1,5
2015,28,4,5
2015,28,8,5
2015,28,2,5
2015,28,5,5
2015,28,1,5
2015,28,22,5
2015,28,1,5
2015,28,0,5
2015,28,0,5
2015,28,1,5
2015,28,8,5
2015,28,1,5
2015,28,15,5
2015,28,1,5
2015,28,3,5
2015,28,1,5
2015,28,3,5
2015,28,0,5
2015,28,125,5
2015,28,0,5
2015,28,1,5
2015,28,0,5
2015,28,1,5
2015,28,10,5
2015,28,1,5
2015,28,5,5
2015,28,0,5
2015,28,0,5
2015,28,0,5
2015,28,6,5
2015,28,1,5
2015,28,0,5
2015,28,0,5
2015,28,0,5
2015,28,0,5
2015,28,0,5
2015,28,0,5
2015,28,2,5
2015,28,0,5
2015,28,0,5
2015,28,0,5
2015,28,1,7
2015,28,328,7
2015,28,90,7
2015,28,50,7
2015,28,20,7
2015,28,15,7
2015,28,1,7
2015,28,0,7
2015,28,6,7
2015,28,3,7
2015,28,1,7
2015,28,3,7
2015,28,40,7
2015,28,1,7
2015,28,46,7
2015,28,20,7
2015,28,12,7
2015,28,120,7
2015,28,10,7
2015,28,12,7
2015,28,3,7
2015,28,0,7
2015,28,1,7
2015,28,0,7
2015,28,8,8
2015,28,50,8
2015,28,3,8
2015,28,0,8
2015,28,1,9
2015,28,10,9
2015,28,0,9
2015,28,2,9
2015,28,0,9
2015,28,0,9
2015,28,0,9
2015,28,0,9
2015,28,0,9
2015,28,0,9
2015,28,20,9
2015,28,0,9
2015,28,0,9
2015,28,25,9
2015,28,15,9
2015,28,21,9
2015,28,20,9
2015,28,0,9
2015,28,1,9
2015,28,0,9
2015,28,20,9
2015,28,0,9
2015,28,1,9
2015,28,5,9
2015,28,0,9
2015,28,21,9
2015,28,1,9
2015,28,3,9
2015,28,150,9
2015,28,5,9
2015,28,1,9
2015,28,0,9
2015,28,130,9
2015,28,85,9
2015,28,0,9
2015,28,1,9
2015,28,5,9
2015,28,1,9
2015,28,2,9
2015,28,0,9
2015,28,0,9
2015,28,0,9
2015,28,0,9
2015,28,0,9
2015,28,11,9
2015,28,1,9
2015,28,0,9
2015,28,0,9
2015,28,10,9
2015,28,0,9
2015,28,1,9
2015,28,0,9
2015,28,10,9
2015,28,1,9
2015,28,1,9
2015,28,0,9
2015,28,0,9
2015,28,0,9
2015,28,7,9
2015,28,1,9
2015,28,20,9
2015,28,0,9
2015,28,20,9
2015,28,4,9
2015,28,1,9
2015,28,0,9
2015,28,0,9
2015,28,0,9
2015,28,2,10
2015,28,0,11
2015,28,10,11
2015,28,5,11
2015,28,1,11
2015,28,0,11
2015,28,2,12
2015,28,10,12
2015,28,5,13
2015,28,0,13
2015,28,3,13
2015,28,10,13
2015,28,0,13
2015,28,1,13
2015,28,0,13
2015,28,4,13
2015,28,2,13
2015,28,8,13
2015,28,2,13
2015,28,35,13
2015,28,36,13
2015,28,0,13
2015,28,1,13
2015,28,4,13
2015,28,2,13
2015,28,2,13
2015,28,13,13
2015,28,16,13
2015,28,0,13
2015,28,0,13
2015,28,0,13
2015,28,0,13
2015,28,0,13
2015,28,0,13
2015,28,0,13
2015,28,6,13
2015,28,1,13
2015,28,3000,13
2015,28,1,13
2015,28,0,13
2015,29,0,2
2015,29,0,2
2015,29,1,2
2015,29,1,2
2015,29,5,2
2015,29,16,2
2015,29,5,2
2015,29,0,2
2015,29,0,3
2015,29,0,3
2015,29,0,4
2015,29,40,4
2015,29,6,4
2015,29,0,4
2015,29,1,4
2015,29,4,4
2015,29,15,4
2015,29,15,4
2015,29,1,4
2015,29,1,4
2015,29,3,4
2015,29,2,4
2015,29,15,4
2015,29,1,4
2015,29,1,4
2015,29,2,4
2015,29,5,4
2015,29,1,4
2015,29,75,4
2015,29,27,4
2015,29,5,4
2015,29,1,4
2015,29,1,4
2015,29,0,4
2015,29,0,5
2015,29,0,5
2015,29,0,5
2015,29,12,5
2015,29,3,5
2015,29,1,5
2015,29,1,5
2015,29,1,5
2015,29,1,5
2015,29,1,5
2015,29,11,5
2015,29,0,5
2015,29,0,5
2015,29,12,5
2015,29,4,5
2015,29,0,5
2015,29,5,5
2015,29,1,5
2015,29,5,5
2015,29,1,5
2015,29,0,5
2015,29,0,5
2015,29,2,5
2015,29,15,5
2015,29,5,5
2015,29,1,5
2015,29,0,5
2015,29,1,5
2015,29,1,5
2015,29,0,5
2015,29,3,5
2015,29,1,5
2015,29,1,5
2015,29,6,5
2015,29,5,5
2015,29,1,5
2015,29,3,5
2015,29,3,5
2015,29,0,5
2015,29,1,5
2015,29,22,5
2015,29,4,5
2015,29,7,5
2015,29,0,5
2015,29,0,5
2015,29,8,5
2015,29,2,5
2015,29,5,5
2015,29,4,5
2015,29,4,5
2015,29,0,5
2015,29,15,5
2015,29,2,5
2015,29,0,5
2015,29,3,5
2015,29,3,5
2015,29,25,5
2015,29,2,5
2015,29,0,5
2015,29,2,5
2015,29,1,5
2015,29,12,5
2015,29,14,5
2015,29,10,5
2015,29,38,5
2015,29,0,5
2015,29,3,5
2015,29,1,5
2015,29,0,5
2015,29,20,5
2015,29,1,5
2015,29,12,5
2015,29,6,5
2015,29,17,5
2015,29,12,5
2015,29,1,5
2015,29,4,5
2015,29,0,5
2015,29,5,5
2015,29,1,5
2015,29,1,5
2015,29,100,5
2015,29,48,5
2015,29,11,5
2015,29,5,5
2015,29,1,5
2015,29,1,5
2015,29,1,5
2015,29,0,5
2015,29,1,5
2015,29,1,5
2015,29,0,5
2015,29,1,5
2015,29,0,5
2015,29,1,5
2015,29,1,5
2015,29,0,5
2015,29,0,5
2015,29,5,5
2015,29,2,5
2015,29,1,5
2015,29,0,5
2015,29,15,6
2015,29,0,7
2015,29,2,7
2015,29,0,7
2015,29,12,7
2015,29,130,7
2015,29,6,7
2015,29,0,7
2015,29,115,7
2015,29,1,7
2015,29,2,7
2015,29,8,7
2015,29,6,7
2015,29,0,7
2015,29,1,7
2015,29,0,7
2015,29,0,7
2015,29,1,7
2015,29,7,7
2015,29,1,7
2015,29,0,8
2015,29,0,8
2015,29,0,8
2015,29,4,9
2015,29,18,9
2015,29,0,9
2015,29,0,9
2015,29,10,9
2015,29,3,9
2015,29,0,9
2015,29,0,9
2015,29,0,9
2015,29,0,9
2015,29,20,9
2015,29,0,9
2015,29,8,9
2015,29,0,9
2015,29,15,9
2015,29,1,9
2015,29,1,9
2015,29,8,9
2015,29,1,9
2015,29,0,9
2015,29,0,9
2015,29,1,9
2015,29,15,9
2015,29,14,9
2015,29,2,9
2015,29,10,9
2015,29,5,9
2015,29,11,9
2015,29,3,9
2015,29,0,9
2015,29,0,9
2015,29,0,9
2015,29,0,9
2015,29,0,9
2015,29,1,9
2015,29,2,9
2015,29,312,9
2015,29,0,9
2015,29,0,9
2015,29,0,9
2015,29,0,9
2015,29,0,9
2015,29,0,9
2015,29,0,9
2015,29,3,9
2015,29,0,9
2015,29,1,9
2015,29,0,9
2015,29,0,9
2015,29,1,9
2015,29,0,9
2015,29,0,9
2015,29,1,9
2015,29,5,11
2015,29,0,11
2015,29,0,13
2015,29,1,13
2015,29,0,13
2015,29,1,13
2015,29,1,13
2015,29,9,13
2015,29,16,13
2015,29,7,13
2015,29,243,13
2015,29,0,13
2015,29,0,13
2015,29,0,13
2015,29,0,13
2015,29,0,13
2015,29,0,13
2015,29,0,13
2015,29,99,13
2015,29,2,13
2015,29,4,13
2015,29,1,13
2015,30,5,2
2015,30,4,2
2015,30,2,2
2015,30,0,2
2015,30,3,2
2015,30,3,2
2015,30,0,2
2015,30,0,2
2015,30,0,2
2015,30,0,2
2015,30,0,3
2015,30,7,3
2015,30,1,4
2015,30,1,4
2015,30,8,4
2015,30,3,4
2015,30,15,4
2015,30,2,4
2015,30,3,4
2015,30,2,4
2015,30,0,4
2015,30,10,4
2015,30,3,4
2015,30,5,4
2015,30,40,4
2015,30,0,5
2015,30,13,5
2015,30,0,5
2015,30,0,5
2015,30,2,5
2015,30,60,5
2015,30,4,5
2015,30,0,5
2015,30,20,5
2015,30,0,5
2015,30,2,5
2015,30,11,5
2015,30,1,5
2015,30,3,5
2015,30,1,5
2015,30,2,5
2015,30,2,5
2015,30,3,5
2015,30,7,5
2015,30,40,5
2015,30,1,5
2015,30,2,5
2015,30,10,5
2015,30,1,5
2015,30,1,5
2015,30,1,5
2015,30,1,5
2015,30,7,5
2015,30,8,5
2015,30,5,5
2015,30,1,5
2015,30,1,5
2015,30,10,5
2015,30,20,5
2015,30,0,5
2015,30,3,5
2015,30,6,5
2015,30,3,5
2015,30,6,5
2015,30,10,5
2015,30,2,5
2015,30,18,5
2015,30,1,5
2015,30,3,5
2015,30,5,5
2015,30,1,5
2015,30,8,5
2015,30,2,5
2015,30,3,5
2015,30,2,5
2015,30,1,5
2015,30,216,5
2015,30,15,5
2015,30,2,5
2015,30,15,5
2015,30,15,5
2015,30,5,5
2015,30,0,5
2015,30,1,5
2015,30,0,5
2015,30,5,5
2015,30,5,5
2015,30,2,5
2015,30,3,5
2015,30,1,5
2015,30,3,5
2015,30,0,5
2015,30,0,5
2015,30,1,5
2015,30,1,5
2015,30,1,5
2015,30,1,5
2015,30,5,5
2015,30,0,5
2015,30,0,5
2015,30,0,5
2015,30,3,5
2015,30,0,5
2015,30,55,7
2015,30,0,7
2015,30,0,7
2015,30,0,7
2015,30,0,7
2015,30,0,7
2015,30,0,7
2015,30,27,7
2015,30,65,7
2015,30,2,7
2015,30,96,7
2015,30,0,7
2015,30,0,7
2015,30,0,7
2015,30,4,7
2015,30,50,7
2015,30,55,7
2015,30,1,7
2015,30,0,7
2015,30,2,7
2015,30,2,7
2015,30,0,7
2015,30,2,7
2015,30,5,7
2015,30,25,8
2015,30,0,8
2015,30,1,8
2015,30,0,9
2015,30,451,9
2015,30,2,9
2015,30,27,9
2015,30,0,9
2015,30,0,9
2015,30,7,9
2015,30,2,9
2015,30,0,9
2015,30,1,9
2015,30,30,9
2015,30,3,9
2015,30,0,9
2015,30,7,9
2015,30,12,9
2015,30,12,9
2015,30,0,9
2015,30,12,9
2015,30,10,9
2015,30,0,9
2015,30,0,9
2015,30,2,9
2015,30,72,9
2015,30,0,9
2015,30,0,9
2015,30,2,9
2015,30,1,9
2015,30,60,9
2015,30,5,9
2015,30,0,9
2015,30,0,9
2015,30,28,9
2015,30,0,9
2015,30,0,9
2015,30,0,9
2015,30,0,9
2015,30,0,9
2015,30,0,9
2015,30,0,9
2015,30,4,9
2015,30,50,9
2015,30,0,9
2015,30,0,9
2015,30,0,9
2015,30,0,9
2015,30,1,9
2015,30,1,9
2015,30,1,9
2015,30,0,9
2015,30,1,9
2015,30,0,9
2015,30,31,10
2015,30,0,11
2015,30,1,11
2015,30,0,11
2015,30,0,11
2015,30,2,12
2015,30,0,13
2015,30,12,13
2015,30,1,13
2015,30,0,13
2015,30,1,13
2015,31,6,1
2015,31,0,2
2015,31,1,2
2015,31,3,2
2015,31,2,2
2015,31,6,2
2015,31,0,2
2015,31,0,2
2015,31,30,2
2015,31,10,2
2015,31,13,2
2015,31,20,2
2015,31,2,2
2015,31,0,2
2015,31,0,2
2015,31,0,2
2015,31,0,2
2015,31,0,2
2015,31,0,2
2015,31,1,3
2015,31,0,3
2015,31,0,3
2015,31,3,4
2015,31,0,4
2015,31,3,4
2015,31,7,4
2015,31,8,4
2015,31,2,4
2015,31,1,4
2015,31,3,4
2015,31,5,4
2015,31,1,4
2015,31,6,4
2015,31,5,4
2015,31,1,4
2015,31,3,4
2015,31,6,4
2015,31,1,4
2015,31,2,4
2015,31,20,4
2015,31,35,4
2015,31,0,4
2015,31,25,4
2015,31,8,4
2015,31,80,4
2015,31,10,4
2015,31,1,4
2015,31,1,4
2015,31,10,4
2015,31,11,4
2015,31,90,4
2015,31,40,4
2015,31,1,4
2015,31,75,4
2015,31,68,4
2015,31,0,4
2015,31,0,4
2015,31,6,5
2015,31,36,5
2015,31,1,5
2015,31,1,5
2015,31,1,5
2015,31,3,5
2015,31,1,5
2015,31,1,5
2015,31,0,5
2015,31,0,5
2015,31,3,5
2015,31,0,5
2015,31,1,5
2015,31,0,5
2015,31,0,5
2015,31,10,5
2015,31,0,5
2015,31,7,5
2015,31,0,5
2015,31,5,5
2015,31,4,5
2015,31,1,5
2015,31,1,5
2015,31,1,5
2015,31,2,5
2015,31,1,5
2015,31,1,5
2015,31,11,5
2015,31,3,5
2015,31,1,5
2015,31,3,5
2015,31,3,5
2015,31,15,5
2015,31,20,5
2015,31,2,5
2015,31,0,5
2015,31,1,5
2015,31,1,5
2015,31,0,5
2015,31,1,5
2015,31,70,5
2015,31,0,5
2015,31,12,5
2015,31,1,5
2015,31,1,5
2015,31,0,5
2015,31,25,5
2015,31,28,5
2015,31,4,5
2015,31,6,5
2015,31,3,5
2015,31,0,5
2015,31,5,5
2015,31,2,5
2015,31,48,5
2015,31,5,5
2015,31,2,5
2015,31,7,5
2015,31,36,5
2015,31,4,5
2015,31,1,5
2015,31,3,5
2015,31,3,5
2015,31,1,5
2015,31,12,5
2015,31,3,5
2015,31,40,5
2015,31,0,5
2015,31,5,5
2015,31,10,5
2015,31,27,5
2015,31,1,5
2015,31,0,5
2015,31,4,5
2015,31,1,5
2015,31,1,5
2015,31,1,5
2015,31,0,5
2015,31,0,5
2015,31,0,5
2015,31,0,5
2015,31,0,5
2015,31,1,5
2015,31,1,5
2015,31,40,5
2015,31,10,5
2015,31,30,5
2015,31,1,5
2015,31,1,5
2015,31,1,5
2015,31,2,5
2015,31,0,5
2015,31,0,5
2015,31,0,5
2015,31,4,5
2015,31,0,5
2015,31,0,5
2015,31,0,5
2015,31,0,5
2015,31,0,5
2015,31,0,5
2015,31,0,5
2015,31,0,5
2015,31,0,5
2015,31,0,5
2015,31,1,5
2015,31,15,5
2015,31,47,5
2015,31,0,5
2015,31,0,5
2015,31,0,5
2015,31,0,7
2015,31,2,7
2015,31,1,7
2015,31,0,7
2015,31,3,7
2015,31,4,7
2015,31,0,7
2015,31,0,7
2015,31,95,7
2015,31,1,7
2015,31,100,7
2015,31,2,7
2015,31,3,7
2015,31,3,7
2015,31,1,7
2015,31,45,7
2015,31,75,7
2015,31,3,7
2015,31,10,7
2015,31,5,7
2015,31,4,7
2015,31,0,7
2015,31,1,7
2015,31,500,7
2015,31,0,7
2015,31,0,7
2015,31,1,7
2015,31,30,8
2015,31,1,8
2015,31,1,8
2015,31,0,8
2015,31,1,8
2015,31,0,8
2015,31,0,8
2015,31,0,8
2015,31,0,8
2015,31,9,9
2015,31,0,9
2015,31,3,9
2015,31,0,9
2015,31,4,9
2015,31,0,9
2015,31,30,9
2015,31,20,9
2015,31,3,9
2015,31,2,9
2015,31,30,9
2015,31,1,9
2015,31,5,9
2015,31,18,9
2015,31,1,9
2015,31,2,9
2015,31,4,9
2015,31,52,9
2015,31,15,9
2015,31,5,9
2015,31,0,9
2015,31,111,9
2015,31,11,9
2015,31,5,9
2015,31,1,9
2015,31,1,9
2015,31,4,9
2015,31,0,9
2015,31,0,9
2015,31,0,9
2015,31,100,9
2015,31,1,9
2015,31,5,9
2015,31,2,9
2015,31,0,9
2015,31,10,9
2015,31,0,9
2015,31,0,9
2015,31,0,9
2015,31,0,9
2015,31,0,9
2015,31,0,9
2015,31,0,9
2015,31,0,9
2015,31,0,9
2015,31,0,11
2015,31,1,11
2015,31,7,13
2015,31,4,13
2015,31,12,13
2015,31,0,13
2015,31,0,13
